# Created by Octave 4.2.1, Sat May 19 09:56:31 2018 GMT <unknown@unknown>
# name: A
# type: matrix
# rows: 16
# columns: 2
 5.280000000000001 2.402591694772036
 7.189999999999998 4.813591625768433
 8.509999999999998 7.20609666093755
 9.539999999999999 9.604866870013966
 10.39 12.01333462436813
 11.11 14.41161666229986
 11.74 16.82075298051393
 12.3 19.23783435471318
 12.8 21.64078484001325
 13.25 24.02151557182719
 13.67 26.44752514523971
 14.05 28.82679210996691
 14.41 31.25521136813796
 14.74 33.64124113725411
 15.05 36.03159900186277
 15.34 38.40666386912321


