# Created by Octave 4.2.1, Sat May 19 12:38:32 2018 GMT <unknown@unknown>
# name: A
# type: matrix
# rows: 16
# columns: 2
 8.460000000000001 2.403630108702961
 11.05 4.804902332634624
 12.73 7.204857583518086
 13.98 9.602635481712108
 14.98 12.00680233771672
 15.81 14.40398330318981
 16.53 16.83279008296391
 17.15000000000001 19.22450474414924
 17.7 21.60979512442983
 18.2 24.01852923112754
 18.65000000000001 26.40256216491093
 19.07000000000001 28.83005227693058
 19.45 31.20933569339695
 19.81 33.63661145684109
 20.14 36.02059733746722
 20.45 38.40815957357305


